Energy   1        10       50       75       100      200      500      1000     2000     5000     10000    25000
O-       1.00E-20 7.14E-20 8.56E-19 4.61E-19 1.64E-19 1.53E-19 1.41E-20 7.02E-21 3.00E-21 1.05E-21 4.70E-22 1.70E-22
O0+      1.00E-21 7.14E-21 8.56E-20 4.61E-20 1.64E-20 1.53E-20 1.41E-21 7.02E-22 3.00E-22 1.05E-22 4.70E-23 1.70E-23
O1+      5.00E-24 1.00E-20 2.33E-18 4.23E-18 4.91E-18 3.38E-18 1.34E-18 5.61E-19 2.28E-19 6.78E-20 1.67E-20 1.11E-22
O2+      1.00E-24 2.44E-21 8.91E-18 1.96E-17 2.14E-17 1.71E-17 6.98E-18 2.73E-18 1.02E-18 2.70E-19 7.33E-20 1.15E-20
O3+      1.00E-24 1.00E-21 7.74E-18 3.52E-17 5.81E-17 5.95E-17 2.11E-17 7.76E-18 1.10E-18 6.60E-19 2.16E-19 3.99E-20
O4+      5.00E-25 1.75E-21 5.81E-18 4.35E-17 9.85E-17 1.49E-16 6.72E-17 2.85E-17 9.82E-18 2.27E-18 7.05E-19 1.50E-19
O5+      1.00E-25 1.00E-23 3.17E-18 3.56E-17 1.09E-16 2.34E-16 1.20E-16 5.11E-17 1.87E-17 3.89E-18 1.14E-18 2.10E-19
O6+      5.00E-23 7.42E-19 2.30E-18 3.16E-17 1.28E-16 4.12E-16 3.25E-16 1.52E-16 6.68E-17 1.96E-17 7.05E-18 1.66E-18
O7+      1.00E-24 4.22E-21 1.17E-18 2.21E-17 1.13E-16 4.44E-16 3.83E-16 2.11E-16 9.77E-17 3.00E-17 1.10E-17 2.56E-18
O8+      1.00E-33 1.00E-24 7.60E-19 1.60E-17 9.57E-17 5.32E-16 5.05E-16 2.94E-16 1.42E-16 4.53E-17 1.72E-17 4.19E-18
