Energy   1        10       50       75       100      200      500      1000     2000     5000     10000    25000
O-       1.19E-17 1.90E-16 8.98E-16 9.72E-16 9.39E-16 7.03E-16 3.83E-16 2.23E-16 1.22E-16 4.98E-19 2.36E-19 8.00E-18
O0+      4.61E-19 5.33E-18 2.42E-17 2.62E-17 2.58E-17 1.91E-17 1.03E-17 6.01E-18 3.35E-18 1.41E-18 6.72E-19 2.38E-19
O1+      3.67E-22 8.10E-19 2.22E-17 2.82E-17 2.87E-17 2.26E-17 1.24E-17 7.08E-18 3.75E-18 1.52E-18 6.98E-19 2.43E-19
O2+      3.12E-24 1.45E-19 1.47E-17 2.55E-17 3.23E-17 3.00E-17 1.59E-17 8.78E-18 4.59E-18 1.82E-18 9.25E-19 3.25E-19
O3+      3.68E-24 4.10E-20 6.63E-18 1.81E-17 2.91E-17 3.91E-17 2.17E-17 1.18E-17 6.33E-18 2.30E-18 9.78E-19 3.38E-19
O4+      1.29E-24 1.74E-20 1.52E-18 7.19E-18 1.57E-17 3.07E-17 2.22E-17 1.17E-17 6.12E-18 2.54E-18 1.12E-18 3.42E-19
O5+      1.96E-25 9.97E-21 6.28E-19 5.17E-18 1.51E-17 4.76E-17 4.34E-17 2.52E-17 1.29E-17 4.62E-18 1.96E-18 5.49E-19
O6+      1.66E-28 5.30E-23 8.43E-22 1.96E-20 1.17E-19 1.54E-18 2.83E-18 2.52E-18 9.83E-19 3.24E-19 1.42E-19 5.62E-20
O7+      5.00E-32 4.22E-28 1.00E-24 3.70E-21 5.11E-20 9.10E-19 4.04E-18 3.81E-18 2.03E-18 6.47E-19 2.96E-19 8.29E-20
