Energy   1        10       50       75       100      200      500      1000     2000     5000     10000    25000
O-       1.07E-16 9.94E-18 1.14e-16 9.67E-17 7.54E-17 6.09E-17 2.93E-17 1.64E-17 5.32E-18 3.27E-18 2.02E-18 6.55E-19 
O0+      1.07E-17 9.94E-19 1.14E-17 9.67E-18 7.54E-18 6.09E-18 2.93E-18 1.64E-18 5.32E-19 3.27E-19 2.02E-19 6.55E-20
O1+      5.40E-21 1.94E-18 8.14E-17 1.00E-16 1.01E-16 7.43E-17 4.24E-17 2.60E-17 1.51E-17 8.99E-18 4.32E-18 1.79E-18
O2+      1.05E-20 2.00E-18 2.57E-16 3.50E-16 3.62E-16 2.73E-16 1.02E-16 5.74E-17 3.22E-17 1.55E-17 8.03E-18 3.44E-18
O3+      4.67E-20 1.76E-18 4.26E-16 6.58E-16 7.88E-16 6.45E-16 3.33E-16 1.76E-16 7.84E-17 3.88E-17 1.36E-17 5.75E-18
O4+      2.73E-21 2.33E-18 6.87E-16 1.05E-15 1.34E-15 1.23E-15 6.85E-16 3.95E-16 2.05E-16 8.30E-17 4.21E-17 1.77E-17
O5+      2.35E-20 1.67E-18 3.44E-16 9.24E-16 1.37E-15 1.78E-15 1.06E-15 6.19E-16 3.32E-16 1.30E-16 6.29E-17 2.47E-17
O6+      3.27E-20 2.67E-18 4.16E-16 8.95E-16 1.51E-15 2.45E-15 1.69E-15 1.02E-15 6.11E-16 2.94E-16 1.63E-16 7.39E-17
O7+      1.09E-19 1.99E-18 4.89E-16 1.04E-15 1.80E-15 3.28E-15 2.13E-15 1.35E-15 8.12E-16 3.92E-16 2.18E-16 9.79E-17
O8+      1.00E-22 1.58E-18 2.27E-16 1.17E-15 2.10E-15 3.06E-15 2.67E-15 1.70E-15 1.04E-15 5.07E-16 2.86E-16 1.30E-16
