Energy   1        10       50       75       100      200      500      1000     2000     5000     10000    25000
O-       1.66E-16 1.07E-15 2.44e-15 2.47E-15 2.43E-15 2.11E-15 1.64E-15 1.28E-15 9.70E-16 6.28E-16 4.35E-16 2.51E-16  
O0+      6.16E-18 3.71E-17 8.44E-17 8.44E-17 8.52E-17 7.12E-17 5.28E-17 4.09E-17 3.14E-17 2.07E-17 1.43E-17 8.51E-18
O1+      1.59E-19 9.97E-18 6.43E-17 6.44E-17 6.34E-17 5.62E-17 4.48E-17 3.66E-17 2.76E-17 1.84E-17 1.26E-17 7.73E-18
O2+      4.08E-20 3.97E-18 4.97E-17 6.24E-17 7.57E-17 7.00E-17 4.12E-17 3.60E-17 2.76E-17 1.88E-17 1.49E-17 9.34E-18
O3+      2.08E-20 1.56E-18 3.80E-17 4.90E-17 6.17E-17 7.05E-17 6.22E-17 5.30E-17 3.76E-17 2.79E-17 1.33E-17 8.64E-18
O4+      9.63E-22 6.70E-19 1.36E-17 2.01E-17 2.91E-17 3.38E-17 3.93E-17 3.54E-17 3.23E-17 2.61E-17 1.85E-17 1.06E-17
O5+      2.24E-21 3.27E-19 5.06E-18 1.45E-17 2.35E-17 4.45E-17 5.46E-17 5.84E-17 5.51E-17 4.20E-17 3.01E-17 1.68E-17
O6+      1.67E-24 1.36E-22 1.93E-20 4.74E-20 1.72E-19 9.07E-19 1.35E-18 2.22E-18 2.14E-18 1.83E-18 1.43E-18 9.77E-19
O7+      2.29E-24 6.08E-23 1.18E-20 2.40E-20 1.27E-19 8.04E-19 1.43E-18 2.15E-18 3.17E-18 2.81E-18 2.43E-18 1.51E-18
