Energy   1        10       50       75       100      200      500      1000     2000     5000     10000    25000
O-       2.41E-19 5.20E-18 7.01E-17 6.88E-17 6.03E-17 6.11E-17 2.54E-17 9.90E-18 1.22E-18 2.34E-19 9.66E-20 9.00E-21
O0+      2.41E-20 5.20E-19 7.01E-18 6.88E-18 6.03E-18 6.11E-18 2.54E-18 9.90E-19 1.22E-19 2.34E-20 9.66E-21 9.00E-22
O1+      4.02E-19 1.10E-17 5.83E-17 6.86E-17 7.84E-17 7.28E-17 5.12E-17 3.12E-17 1.75E-17 8.13E-18 3.28E-18 3.01E-19
O2+      4.88E-19 1.47E-17 1.26E-16 1.55E-16 1.87E-16 2.03E-16 1.53E-16 9.17E-17 4.93E-17 1.93E-17 9.00E-18 2.49E-18
O3+      4.25E-19 1.97E-17 1.60E-16 2.25E-16 2.91E-16 3.73E-16 3.08E-16 2.03E-16 1.12E-16 4.54E-17 2.07E-17 6.18E-18
O4+      5.43E-19 2.44E-17 1.68E-16 2.68E-16 3.60E-16 5.26E-16 5.33E-16 3.69E-16 2.22E-16 9.65E-17 4.48E-17 1.51E-17
O5+      5.67E-19 1.77E-17 1.73E-16 2.84E-16 3.86E-16 6.09E-16 6.97E-16 5.52E-16 3.40E-16 1.58E-16 7.39E-17 2.41E-17
O6+      1.04E-18 1.17E-17 1.69E-16 2.92E-16 4.07E-16 6.85E-16 8.96E-16 7.65E-16 5.18E-16 2.76E-16 1.49E-16 6.09E-17
O7+      1.25E-18 7.88E-18 1.59E-16 2.96E-16 4.09E-16 7.45E-16 1.03E-15 9.34E-16 6.79E-16 3.58E-16 1.98E-16 8.22E-17
O8+      8.29E-19 5.48E-18 1.51E-16 2.88E-16 4.07E-16 7.76E-16 1.14E-15 1.12E-15 8.33E-16 4.60E-16 2.59E-16 1.10E-16
