Energy   1        10       50       75       100      200      500      1000     2000     5000     10000    25000
O-       3.18E-18 1.23E-15 1.12E-15 1.05E-15 1.02E-15 9.39E-16 7.88E-16 6.58E-16 5.31E-16 3.86E-18 2.87E-18 1.84E-18
O0+      1.04E-17 4.16E-17 4.03E-17 3.76E-17 3.76E-17 3.39E-17 2.75E-17 2.27E-17 1.85E-17 1.33E-17 9.68E-18 6.27E-18
O1+      4.77E-18 3.37E-17 3.01E-17 2.65E-17 2.62E-17 2.57E-17 2.19E-17 1.94E-17 1.54E-17 1.11E-17 9.20E-18 6.53E-18
O2+      1.97E-18 2.63E-17 1.53E-17 1.74E-17 2.08E-17 2.27E-17 2.01E-17 1.97E-17 1.63E-17 1.35E-17 1.15E-17 8.27E-18
O3+      6.69E-19 1.06E-17 7.80E-18 9.40E-18 1.15E-17 1.64E-17 1.92E-17 1.83E-17 1.62E-17 1.44E-17 1.06E-17 7.98E-18
O4+      1.80E-19 2.12E-18 1.48E-18 2.62E-18 3.55E-18 5.19E-18 9.26E-18 1.13E-17 1.10E-17 1.16E-17 9.52E-18 6.69E-18
O5+      9.08E-21 3.41E-19 4.92E-19 1.13E-18 2.04E-18 4.17E-18 1.17E-17 1.60E-17 1.78E-17 1.70E-17 1.42E-17 9.45E-18
O6+      5.20E-25 1.17E-23 7.90E-22 9.73E-22 8.48E-21 2.28E-20 7.43E-20 4.93E-19 9.65E-19 8.93E-19 6.89E-19 3.77E-19
O7+      1.24E-22 3.85E-22 1.57E-21 1.47E-21 4.01E-21 3.19E-20 5.60E-20 3.85E-19 1.47E-18 1.73E-18 1.53E-18 1.02E-18
